0 2
1 2
2 2
3 2
4 0
5 0
6 1
7 2
8 2
9 1
10 2
11 1
12 0
13 2
14 1
15 1
16 1
17 2
18 1
19 0
20 0
21 0
22 0
23 1
24 2
25 0
26 2
27 0
28 2
29 2
30 0
31 1
32 2
33 2
34 2
35 1
36 0
37 2
38 0
39 1
40 1
41 1
42 1
43 1
44 1
45 0
46 2
47 1
48 2
49 2
50 0
51 1
52 2
53 1
54 0
55 1
56 2
57 1
58 0
59 1
60 2
61 0
62 1
63 2
64 0
65 1
66 1
67 2
68 0
69 1
70 0
71 2
72 1
73 0
74 2
75 2
76 2
77 1
78 0
79 2
80 2
81 1
82 2
83 0
84 2
85 2
86 0
87 2
88 0
89 2
90 0
91 0
92 2
93 0
94 0
95 0
96 1
97 1
98 2
99 2
100 2
101 0
102 2
103 2
104 1
105 1
106 2
107 0
108 2
109 2
110 0
111 1
112 2
113 0
114 2
115 2
116 0
117 2
118 0
119 0
120 1
121 1
122 2
123 0
124 1
125 0
126 1
127 0
128 1
129 0
130 1
131 0
132 1
133 2
134 2
135 0
136 0
137 2
138 2
139 0
140 1
141 1
142 2
143 0
144 1
145 1
146 1
147 2
148 1
149 1
150 0
151 1
152 1
153 0
154 0
155 0
156 0
157 0
158 1
159 1
160 0
161 2
162 0
163 2
164 1
165 0
166 0
167 0
168 0
169 0
170 0
171 2
172 2
173 1
174 1
175 2
176 0
177 1
178 1
179 0
180 2
181 0
182 1
183 1
184 0
185 1
186 1
187 0
188 2
189 0
190 1
191 1
192 2
193 2
194 2
195 1
196 2
197 2
198 1
199 2
200 0
201 2
202 1
203 2
204 0
205 1
206 2
207 0
208 1
209 1
210 0
211 1
212 1
213 2
214 0
215 0
216 2
217 0
218 2
219 0
220 2
221 0
222 0
223 0
224 1
225 1
226 1
227 2
228 1
229 2
230 2
231 1
232 1
233 0
234 0
235 1
236 2
237 1
238 2
239 1
240 2
241 2
242 1
243 1
244 1
245 1
246 1
247 1
248 1
249 2
250 1
251 1
252 0
253 0
254 0
255 0
256 1
257 2
258 1
259 2
260 0
261 2
262 1
263 0
264 0
265 2
266 0
267 2
268 0
269 2
270 0
271 1
272 2
273 1
274 0
275 0
276 2
277 2
278 0
279 0
280 1
281 1
282 1
283 1
284 0
285 0
286 1
287 0
288 0
289 2
290 0
291 2
292 1
293 2
294 0
295 2
296 2
297 2
298 0
299 2
